#          BMNH 1931.6anda002
-211.6927  -132.2042  40.2908    INION                       DORSAL
-216.2923  -119.7753  73.4282    OPISTHOCR
-217.1318  -122.841   95.1091    LAMBDA
-177.6719  -197.7851  151.7274   APEX
-174.8972  -207.795   151.0299   BREGMA
-141.1378  -265.3429  93.6287    MIDSULC
-140.4216  -267.2849  80.5976    GLABELLA
-141.1331  -265.8583  71.934     NASION
-138.7401  -270.9593  55.4836    RHINION
9999       9999       9999       ANTNASSPN
9999       9999       9999       ALVEOLARE
-166.5456  -271.1634  38.7524    INFRAORB_R
-153.9132  -271.476   32.0877    ALARE_R
-189.8608  -272.1181  30.1093    ZYGOMAX_R
-172.7693  -271.902   42.47      ZYGOORB_R
-154.4646  -263.9568  63.1354    DACR_R
-161.7642  -272.756   80.9897    SUPRANOT_R
-172.9488  -271.3634  42.5627    ORBITALE_R
-194.8029  -271.3552  72.0699    FMT_R
-189.0752  -274.2841  69.9716    FMO_R
-169.8508  -275.905   82.1953    MIDTORINF_R
-170.1856  -275.4462  87.1205    MIDTORSUP_R
-191.7069  -264.5363  68.9549    FSM_R
-204.38    -254.3674  78.3707    ANTPTER_R
-206.2013  -261.0825  46.6559    SUPZT_R
-202.0343  -265.1209  50.2202    JUGALE_R
-221.5204  -216.7808  40.2169    PORION_R
-226.9268  -218.2931  45.1101    AURICUL_R
-216.2657  -215.2076  29.3185    ECTOTYMSUP_R
-215.8083  -215.2508  26.8406    ECTOTYMINF_R
-173.9518  -265.6856  21.0572    MALRT_R
-172.0198  -263.61    11.773     ZYGORT_R
-213.0846  -251.0411  97.1106    CORONALE_R
-214.4544  -237.6788  123.6905   STEPHAN_R
-191.0411  -273.1412  82.7512    FRONTOTEMP_R
-239.0808  -198.726   47.3566    PARNOT_R
-240.0495  -181.9686  43.2762    ASTERION_R
-240.9523  -185.485   45.2263    POSTTEMP_R
-122.7756  -246.4016  40.1904    INFRAORB_L
-130.8636  -258.707   31.241     ALARE_L
-110.001   -230.2531  31.0615    ZYGOMAX_L
-118.5106  -242.1216  43.3907    ZYGOORB_L
-134.4157  -253.048   64.1215    DACR_L
-122.8256  -250.9564  82.1364    SUPRANOT_L
-118.8966  -241.869   43.6089    ORBITALE_L
-107.12    -223.5514  73.8323    FMT_L
-107.5768  -230.308   70.8185    FMO_L
-116.5568  -246.2263  81.4969    MIDTORINF_L
-116.5372  -246.1783  87.0508    MIDTORSUP_L
-114.2446  -222.1339  70.5122    FSM_L
-115.7368  -205.1475  78.8995    ANTPTER_L
-108.1134  -209.7011  47.6953    SUPZT_L
-106.9397  -215.2447  51.058     JUGALE_L
-135.5201  -170.5753  40.8006    PORION_L
-129.1517  -168.1493  46.3099    AURICUL_L
-138.3869  -172.6677  29.5895    ECTOTYMSUP_L
-139.6677  -172.9587  27.8888    ECTOTYMINF_L
-127.641   -244.2769  26.6732    MALRT_L
9999       9999       9999       ZYGORT_L
-113.8251  -199.9485  92.9733    CORONALE_L
-124.8924  -192.576   124.2004   STEPHAN_L
-107.9759  -229.3752  85.9354    FRONTOTEMP_L
-141.2839  -144.3511  48.4456    PARNOT_L
-153.5777  -134.5747  44.9341    ASTERION_L
-152.1391  -135.3382  46.0005    POSTTEMP_L
-216.5346  -120.5004  71.1089    O1
-147.8531  -125.9541  101.3398   O2
-220.1293  -230.8289  55.7569    O3
-105.3506  -223.1102  65.7192    O4





















-140.5533  -267.5542  81.0367    MSP1
-140.7692  -267.2949  83.7946
-140.8785  -266.7907  87.6077
-141.0603  -265.9055  91.1529
-141.3971  -265.3829  95.685
-141.0963  -264.8364  101.0717
-141.8674  -263.9887  105.7542
-142.3491  -263.2182  109.6222
-142.8634  -262.6736  111.9944
-143.7249  -262.2377  113.7317
-145.5398  -258.473   120.724
-146.3374  -255.2958  124.7092
-150.0168  -250.8833  130.0501
-152.4097  -246.2235  133.9166
-155.3581  -241.1526  137.7501
-158.3628  -235.9067  140.9123
-161.6193  -230.7428  143.9295
-164.6137  -226.5935  146.0709
-168.1001  -219.6387  148.5372
-170.78    -214.541   150.4336
-173.6023  -209.7238  151.3469
-174.5583  -207.2241  151.1886














































































-225.5647  -220.1231  44.4227    MCPR
-226.6422  -221.0265  50.0305
-229.1642  -221.9335  57.5351
-232.2605  -223.2161  64.0353
-235.5433  -224.8913  76.4898
-236.2628  -225.2405  86.216
-236.5805  -224.7658  95.8351
-236.0413  -224.2243  103.5439
-233.7143  -223.2418  113.2716
-230.9854  -221.7882  119.9827
-227.6406  -220.3166  125.4843
-223.6533  -217.0739  131.5514
-219.7261  -214.8881  135.3056
-214.3493  -213.0859  139.6905
-208.6965  -210.4829  143.3273
-202.9296  -207.9476  146.5357
-197.4365  -204.7473  149.3027
-191.2131  -202.7543  151.1428
-184.3411  -199.8491  152.1422
-183.5024  -199.4962  152.0838
-179.4058  -196.4072  152.1294















































































-204.4512  -254.2275  79.0821    ACPR
-207.1824  -254.2964  84.3071
-208.9242  -253.6631  87.1853
-210.0055  -252.8855  89.5879
-211.5797  -251.7169  92.7648
-212.4885  -250.7727  95.4738
-213.3278  -250.1989  99.6316
-214.5936  -248.8585  101.9119
-215.9147  -246.9011  104.9182
-216.324   -245.1474  108.7215
-215.9428  -243.7088  113.4156
-214.3544  -243.6433  117.1267
-213.052   -240.8883  122.9112
-210.1283  -236.4603  128.9415
-206.6443  -231.7221  134.4456
-203.5977  -228.4031  138.377
-201.9996  -226.8654  139.8946
-200.7732  -225.7025  141.2228
-197.741   -223.559   143.56
-192.7357  -219.7347  146.6521
-187.5506  -216.1928  148.9894
-183.9789  -213.1781  149.948
-179.0669  -209.3157  151.2474
-174.9331  -207.2182  150.5349












































































-194.4377  -271.8688  73.4168    TLR
-192.0243  -273.0353  78.1476
-191.8758  -271.287   87.8356
-195.4719  -267.9361  97.7375
-200.2408  -262.7815  105.6829
-202.2747  -260.429   108.3204
-205.2156  -253.7141  116.1249
-209.3682  -245.9139  121.1621
-215.3268  -237.4345  123.09
-218.7692  -234.862   122.9005
-225.0813  -228.1262  121.5408
-231.3379  -220.4856  120.4006
-240.2939  -210.4058  116.8449
-246.5548  -201.4558  112.8666
-251.3547  -190.7558  103.6855
-252.1625  -181.8391  96.3122
-249.9705  -172.2605  85.4964
-247.6101  -165.0979  78.0361
-245.7622  -160.2172  69.5187
-244.1918  -160.9452  61.7318
-243.6436  -168.0812  55.9958
-243.3871  -174.1328  51.0903
-242.7978  -180.5047  48.5284
-240.9647  -186.3005  45.9723












































































-197.7231  -244.8144  49.5712    TPR
-198.8467  -247.9619  55.4715
-201.5819  -249.2571  61.1921
-203.869   -249.747   67.1401
-206.1121  -249.695   71.6447
-209.3983  -248.7988  76.9996
-213.6453  -246.9503  82.5737
-216.8843  -244.1585  85.0171
-221.5597  -240.19    85.019
-224.3716  -237.7125  82.085
-228.5414  -233.502   80.8818
-233.6318  -227.963   79.9466
-236.9684  -222.3339  75.3548
-238.8371  -216.3666  69.9742
-239.4408  -209.9244  63.8525
-241.3928  -202.8137  59.6081
-240.7092  -198.9797  53.3035
-238.8101  -198.5558  47.2521


















































































-129.7338  -168.5453  44.8708    MCPL
-129.1954  -168.2898  48.0399
-127.1965  -167.1442  57.3644
-124.7334  -166.5794  64.7774
-122.4798  -165.6445  72.9203
-121.9856  -165.017   81.7915
-122.7234  -163.6039  92.2977
-123.7574  -165.0282  103.3747
-126.7806  -166.8459  115.0197
-132.4251  -168.7663  125.6087
-135.2564  -169.5194  129.2104
-138.0576  -171.2047  132.1246
-143.0132  -173.6471  136.298
-147.8149  -175.712   139.868
-153.8069  -178.8728  144.0465
-160.1049  -182.6742  147.5655
-163.6249  -183.8071  149.0047
-166.3776  -185.8186  150.0732
-171.0095  -188.356   151.3106
-175.1257  -190.6402  152.0313
-180.1038  -194.2095  152.0769















































































-115.2658  -205.5337  79.6407    ACPL
-114.3187  -203.3128  84.1813
-113.8713  -202.3699  86.7278
-113.702   -200.3535  91.2813
-114.0569  -199.1658  94.5962
-114.3558  -197.9917  97.4735
-115.0541  -196.6882  101.8867
-116.9341  -194.6259  107.7157
-119.403   -193.5253  113.9237
-122.4589  -192.666   119.4985
-125.0889  -192.9234  123.9486
-128.1652  -194.0366  127.8222
-130.0289  -194.0544  129.8697
-134.821   -195.1783  134.1597
-140.1246  -195.9437  138.7868
-146.7226  -195.2558  143.1439
-153.0633  -194.7569  146.3667
-157.566   -197.5241  148.3003
-160.867   -199.6129  149.4075
-164.2181  -201.0785  150.3835
-168.9877  -203.9028  150.9537
-172.4741  -205.8109  151.2742
-174.9802  -207.3564  151.186













































































-106.2921  -225.1149  74.0867    TLL
-106.2956  -227.0123  77.426
-107.4861  -228.5916  83.1423
-109.0136  -228.7303  88.8256
-110.0486  -227.5751  92.953
-111.2731  -226.7124  98.4687
-113.7641  -219.8158  108.9143
-116.5405  -214.2359  114.5858
-119.5579  -206.3523  119.6531
-124.4425  -195.8551  124.5112
-127.0539  -190.1129  126.2436
9999       9999       9999
























































































-128.4553  -204.3985  46.9783    TPL
-126.0015  -204.7469  50.7707
-123.5606  -204.9971  56.5037
-122.0518  -205.225   61.2884
-120.0124  -204.7678  67.1799
-118.4192  -202.7553  71.5443
-117.3171  -199.7502  75.0513
-116.867   -195.9656  79.5703
-116.7077  -194.3489  81.9132
-116.7572  -189.1188  83.4897
-117.3732  -184.8737  83.6809
-118.3304  -178.3088  84.2912
-119.2806  -173.977   84.4134
-120.7684  -169.3816  82.9815
-121.6635  -165.9338  82.4271
-123.2018  -161.3857  80.2285
-125.5074  -158.0304  75.2807
-129.281   -152.6982  71.3072
-132.3327  -149.2501  66.9543
-135.4224  -146.3686  63.1174
-138.7229  -143.6003  59.6819
-141.2908  -141.6748  55.3743
-141.3058  -143.1541  50.8056
-143.5524  -142.5239  47.4261












































































-174.8875  -207.1825  151.7542   MSP2
-176.3038  -204.0667  151.3972
-180.1556  -197.6211  152.0894
-182.2795  -192.0139  152.2736
-185.3775  -186.4106  152.2472
-187.967   -181.7799  151.6948
-191.0097  -176.2302  151.0321
-193.9862  -171.2773  149.9541
-197.3893  -166.0397  148.4628
-199.9004  -160.7614  146.5042
-202.3915  -153.5378  142.9978
-205.4859  -148.163   139.4801
-208.7515  -141.8154  133.337
-210.4959  -136.6058  126.9563
-213.2621  -129.8056  116.5606
-214.6235  -126.4808  109.1978
-215.499   -124.8628  103.9733
-215.8077  -123.236   97.9494
-216.6461  -120.4183  91.6908
-216.0377  -118.8985  83.3499
-217.0104  -119.7642  75.7769
-216.4452  -120.3223  71.0903














































































-239.3563  -180.8047  42.6707    LSR
-240.3572  -174.7677  43.832
-241.8339  -170.564   47.96
-240.3765  -164.466   51.5678
-241.7244  -158.6204  57.3279
-242.8296  -154.7592  62.5425
-242.6887  -151.8955  67.7985
-242.1326  -148.9308  72.148
-241.4174  -145.581   76.2187
-239.9519  -141.8051  79.62
-236.446   -137.6945  82.2604
-232.9     -134.6533  84.8473
-230.7136  -131.5833  86.8139
-225.4803  -128.0844  89.0856
-222.9986  -125.7467  90.9602
-219.8039  -124.4437  93.016
-216.7661  -122.6262  94.9633



















































































-153.0814  -135.8049  43.521     LSL
-156.2698  -131.067   46.7018
-161.0203  -127.9076  50.5894
-167.3737  -122.6376  53.7634
-171.1826  -119.1596  57.7888
-176.0986  -115.9062  61.7388
-178.4653  -113.6388  65.5207
-182.028   -111.3762  73.6209
-186.4043  -110.7035  78.429
-191.2505  -110.2256  83.7834
-195.3971  -111.6379  86.515
-200.7401  -112.6601  88.6964
-203.1968  -114.3809  90.0774
-207.3531  -116.2375  91.5095
-210.2736  -118.3093  93.4333
-213.8432  -120.807   94.5298
-215.9205  -122.3358  94.9343



















































































-175.2886  -207.6112  151.0744   OP1R
-179.3163  -206.3282  151.4362
-183.1208  -205.2218  151.5332
-189.8329  -203.1464  151.1203
-196.1882  -201.834   150.3286
-202.3037  -200.7817  148.4208
-207.0888  -199.6216  146.7924
-208.9688  -199.5607  145.9716
-213.5953  -198.1753  144.0418
-219.1065  -196.9183  141.0728
-225.3626  -194.9456  137.7512
-229.7743  -193.4271  135.6517
-235.0871  -191.4887  132.1714
-238.268   -190.5532  129.1375
-241.1581  -188.9569  126.0344
-243.0925  -188.1945  123.8489
-245.301   -188.5695  120.5242
-248.1153  -187.4922  116.0071
-250.8808  -186.7786  108.4936
-252.1715  -186.8946  101.5077
-251.8843  -185.5604  90.7187
-250.4789  -186.6783  81.6987
-247.4706  -185.6403  70.1606
-245.1994  -184.5591  62.12
-243.9798  -183.8489  57.1035
-243.2005  -182.9815  52.0692
-242.0532  -182.0493  46.481
-240.4198  -181.7693  43.6361








































































-205.5106  -253.8818  78.3344    OB2R
-208.8476  -251.9751  82.6816
-213.3356  -248.6706  88.2321
-218.5746  -244.1027  93.9571
-224.1701  -238.5192  100.7501
-227.6088  -233.4912  105.5041
-230.9364  -227.5039  111.2561
-233.4354  -222.0897  114.9466
-234.717   -216.3924  119.1655
-235.7561  -211.4889  122.0292
-235.8946  -206.3025  124.8678
-237.038   -200.428   126.7506
-237.4241  -196.1883  127.8952
-237.8032  -189.7287  128.8942
-237.8164  -186.3563  129.0669
-238.6271  -182.3725  128.896
-237.7819  -169.9971  129.0978
-236.4485  -162.6046  128.1608
-232.9018  -148.8465  122.4616
-231.1124  -144.1976  119.6256
-228.2884  -139.6306  116.1631
-225.9596  -135.138   111.6796
-221.9001  -129.2046  105.698
-218.5421  -125.1403  99.8502
-216.5787  -122.1753  95.1045











































































-174.889   -205.2662  151.5683   OP1L
-172.5903  -198.5433  151.8267
-170.4602  -194.383   151.6099
-167.4747  -187.6786  150.5782
-164.4603  -180.9875  148.8578
-161.6875  -175.1109  146.8025
-158.7166  -167.7768  143.6895
-156.166   -162.8614  141.0028
-153.4176  -157.3696  138.2332
-151.1589  -152.3988  135.5181
-148.1003  -147.089   131.7374
-146.567   -142.8117  128.3384
-145.3903  -140.4849  125.9578
-145.1913  -137.8175  123.3235
-144.5011  -134.2519  118.2904
-144.1783  -129.5795  106.9484
-144.9266  -128.1994  100.4172
-146.4152  -126.9032  92.9399
-147.8112  -126.9325  84.0823
-149.7991  -126.7128  76.7415
-151.6281  -128.091   67.2224
-152.1005  -129.2762  62.2209
-153.08    -129.8947  57.5886
-153.9898  -130.6851  52.3753
-154.4481  -132.1361  46.8192
-153.7971  -133.8409  45.2228










































































-115.521   -204.6832  78.8745    OB2L
-114.9053  -201.5726  82.4935
-115.3767  -196.4038  86.0992
-115.7754  -192.4343  90.214
-116.6084  -188.8803  94.3012
-118.0148  -183.3505  98.7662
-120.3271  -176.9599  103.4631
-122.6134  -172.387   106.9464
-125.5072  -169.5821  113.4813
-128.6777  -165.7794  117.6176
-131.7479  -161.2418  120.7462
-134.895   -157.2307  123.3247
-138.4073  -153.4348  125.7762
-141.0219  -151.0919  127.3096
-144.2427  -149.257   129.2726
-147.1681  -145.904   129.8909
-149.7178  -145.0529  130.9033
-154.0062  -141.5809  131.7088
-160.0079  -137.452   131.8396
-166.772   -132.5202  130.8193
-172.9245  -128.7243  129.2853
-179.9309  -125.0145  126.5311
-186.4289  -122.4683  122.2827
-192.4302  -121.0117  117.0525
-196.381   -119.9971  113.3874
-201.9728  -119.1039  107.7766
-207.1385  -119.2286  102.8122
-211.4706  -119.8005  98.6209
-215.5342  -121.7027  95.0412







































































-155.3548  -153.2687  133.3342   OPISTHION                   VENTRAL
-140.0251  -185.077   133.1083   BASION
-129.0385  -207.5371  117.2642   HORMION
-118.8302  -226.2393  132.3864   STAPHYL
-115.652   -232.5661  133.3628   MIDANTPAL
-105.6831  -251.4802  144.0776   INCISIV
-73.3807   -188.2314  114.6891   INFZT_R
-130.1684  -163.1756  132.5399   POSTOCC_R
9999       9999       9999       ANTOCC_R
-104.2585  -151.3449  134.8116   MAST_R
-113.7983  -150.2461  132.0437   OCCMAST_R
-101.4443  -158.4286  128.4282   TYMPMAST_R
-177.6835  -239.6701  117.5048   INFZT_L
-163.9441  -178.9225  132.6199   POSTOCC_L
9999       9999       9999       ANTOCC_L
-188.1722  -191.9256  137.4815   MAST_L
-182.8627  -184.7039  132.7887   OCCMAST_L
-184.0188  -198.0734  129.7577   TYMPMAST_L
-113.2369  -177.2303  122.5881   MEDPETRO_R
-101.2227  -159.9672  130.2531   LATPETRO_R
-109.705   -161.8933  126.7308   STYLO_R
-123.7147  -176.1471  121.6835   ANTJUG_R
-118.4726  -170.2582  128.9553   POSTJUG_R
-162.1237  -201.8098  122.7127   MEDPETRO_L
-181.9765  -199.6301  130.5751   LATPETRO_L
-176.2119  -193.6007  128.1255   STYLO_L
-156.4504  -192.3403  120.858    ANTJUG_L
-166.4228  -192.0583  127.7862   POSTJUG_L
-96.4521   -169.8649  115.9732   POSTGLEN_R
-103.7293  -180.663   119.0247   INFENTO_R
-88.4188   -172.0397  111.9617   LATARTIC_R
-97.068    -175.5888  110.6716   CNTMAND_R
-107.7742  -176.593   117.2436   MEDSQUAM_R
-97.262    -169.0653  115.9697   LATSQUAM_R
-180.5374  -210.2105  118.0362   POSTGLEN_L
-164.8593  -209.6087  120.8326   INFENTO_L
-182.13    -217.8999  115.1048   LATARTIC_L
-173.7917  -212.8157  113.0669   CNTMAND_L
-164.6459  -207.1435  119.4003   MEDSQUAM_L
-178.7113  -208.693   118.4732   LATSQUAM_L
-111.0515  -185.3889  120.2252   FORSPIN_R
-119.7341  -194.2719  118.7007   PETPYR_R
-103.0979  -211.6209  136.5605   SPHPAL_R
-88.9105   -199.3006  107.2884   TEMPSPHEN_R
-156.2407  -208.7234  122.282    FORSPIN_L
-145.2537  -207.3007  118.9871   PETPYR_L
9999       9999       9999       SPHPAL_L
-162.2037  -230.7913  112.0326   TEMPSPHEN_L
9999       9999       9999       LATPR_R
-95.5874   -250.4294  151.8987   LINGCAN_R
-86.1      -246.3909  151.6649   CP3_R
-86.8323   -239.9472  149.7889   P3P4_R
-86.6426   -232.9807  147.9305   P4M1_R
-87.6139   -223.7502  145.4376   M1M2_R
-90.1367   -217.3006  141.2871   M2M3_R
-94.8552   -211.9126  136.6607   DISTM3_R
-100.3785  -209.7821  136.4082   MAXTUBER_R
-107.0105  -263.6979  147.8207   LATPR_L
-114.5368  -256.5906  148.9407   LINGCAN_L
9999       9999       9999       CP3_L
9999       9999       9999       P3P4_L
9999       9999       9999       P4M1_L
9999       9999       9999       M1M2_L
9999       9999       9999       M2M3_L
9999       9999       9999       DISTM3_L
9999       9999       9999       MAXTUBER_L
-176.8401  -112.3741  78.3047    O1
-212.2621  -173.19    51.7928    O2
-85.1534   -172.2971  97.7718    O3
-159.2102  -262.2073  93.9576    O4






























-176.7689  -112.4936  78.5076    MSP3
-175.8795  -112.3375  82.4456
-175.5102  -112.8816  86.7801
-175.1993  -113.9398  91.3429
-174.0849  -115.6243  97.2414
-173.4325  -117.7863  101.9145
-172.0593  -119.7352  106.4588
-170.1032  -121.5026  110.3237
-169.4962  -123.8465  112.059
-167.8747  -127.2884  114.5268
-165.8246  -131.0717  118.3477
-163.4543  -134.8801  122.0134
-161.4889  -138.3311  125.5963
-159.7446  -142.3858  127.9446
-158.2625  -146.2383  129.9189
-156.4757  -149.6117  131.5838
-155.2755  -151.4892  132.9631
-154.9662  -153.1774  133.4177


















































































-67.2912   -219.1346  84.7811    SPR
-66.2067   -223.64    83.0975
-67.3542   -227.3604  79.9124
-70.6424   -233.3381  78.3065
-73.0869   -236.2555  76.6647
-78.0595   -241.4913  73.606
-82.8511   -246.3912  69.2994
-87.3605   -250.4245  69.2701
-93.3368   -255.114   71.6425
-97.3778   -257.819   75.3861
-101.5171  -260.4631  78.8845
-103.2474  -260.8111  80.4099
























































































-157.2049  -263.5117  86.6031    SPL
-154.1398  -265.9695  84.0786
-148.7436  -267.9624  79.504
-142.4177  -268.7485  77.8793
-136.3444  -268.4887  76.4241
-129.0763  -267.8956  72.3688
-123.2751  -267.3167  71.0894
-115.9971  -265.879   70.9551
-108.8639  -263.6324  72.3733
-104.6623  -262.2901  75.4415
-102.3621  -261.0856  78.6303

























































































-155.3952  -153.4721  133.4532   FMR
-151.5292  -152.9314  132.9398
-147.0607  -153.6605  133.5268
-142.7409  -154.7295  134.9008
-138.4682  -156.9954  135.9049
-134.1622  -162.5765  134.9978
-132.9316  -166.5447  134.8638
-133.7138  -173.67    135.5551
-134.8006  -178.9     134.7765
-138.033   -183.1822  133.7513
-139.8469  -184.9067  133.4519

























































































-154.5392  -153.1143  133.3272   FML
-157.2601  -154.7258  133.6399
-159.2655  -157.513   134.0482
-161.8253  -161.5247  135.3981
-163.4965  -168.1425  136.2735
-161.6384  -173.3049  135.6683
-160.08    -177.2763  135.5265
-154.393   -181.5532  136.2797
-149.7511  -184.5494  136.7976
-145.3731  -185.5801  133.8909
-140.405   -185.011   133.4592























































































































































































































































































































































































































































































































































































































































































































































































































































































































































































































































































































































































































































































































































































































































































































































































































































































































































































































































































































































































































































































































































































































































































































































































































































































































































































































































































































































































































































































































































































































































































































































































































































































































































































































































































































































































































































































































































































































































































































































































































































































































































































































































































































































































































































































































































































































































































































































































































































































































































































































































































































































































































































































































































































































































































































































































































































































































































































































































































































































































































































































































































































































































































































































































































































































































































































































































































































































































































































































































































































































































































































































































































































































































































































































































































































































