#          UCT 421    bush029
12.2401    -328.6328  59.0021    INION                       DORSAL
-16.4109   -340.1314  94.8015    OPISTHOCR
-12.9382   -341.1068  123.6916   LAMBDA
61.7758    -315.8896  195.3804   APEX
77.2435    -309.437   196.666    BREGMA
147.6217   -281.7466  142.3232   MIDSULC
149.8168   -281.4841  130.1439   GLABELLA
148.3186   -280.996   122.7646   NASION
155.3526   -278.4419  106.1512   RHINION
156.2578   -277.5589  79.5836    ANTNASSPN
160.6537   -276.8971  60.1996    ALVEOLARE
156.8858   -306.6675  92.983     INFRAORB_R
155.3941   -291.5088  86.3996    ALARE_R
152.6416   -328.7316  78.0468    ZYGOMAX_R
157.6317   -310.2662  98.0569    ZYGOORB_R
143.0515   -294.0929  113.4425   DACR_R
153.5813   -311.5653  130.7321   SUPRANOT_R
155.7032   -307.6808  98.0601    ORBITALE_R
146.515    -335.1732  122.5398   FMT_R
152.2054   -329.7653  117.0953   FMO_R
153.7282   -311.4489  129.3247   MIDTORINF_R
153.5831   -311.5666  133.7294   MIDTORSUP_R
139.404    -332.8576  123.7054   FSM_R
120.624    -348.1229  128.9195   ANTPTER_R
140.3805   -345.3931  95.3129    SUPZT_R
144.6967   -340.4796  97.5128    JUGALE_R
90.1076    -358.5426  86.2389    PORION_R
89.779     -363.2193  88.8472    AURICUL_R
88.8704    -353.8668  75.2213    ECTOTYMSUP_R
88.7617    -353.7726  72.5242    ECTOTYMINF_R
145.1457   -313.5419  71.8276    MALRT_R
144.9382   -311.0306  62.0957    ZYGORT_R
115.6736   -352.6449  147.9005   CORONALE_R
108.1304   -350.0221  167.6169   STEPHAN_R
146.6018   -331.3993  129.7828   FRONTOTEMP_R
71.5457    -373.9249  91.6237    PARNOT_R
51.8169    -374.417   80.3563    ASTERION_R
69.9092    -374.8558  90.4325    POSTTEMP_R
135.4209   -255.6538  93.3204    INFRAORB_L
147.1676   -268.5954  85.9954    ALARE_L
119.3651   -244.4734  76.9352    ZYGOMAX_L
134.5274   -255.2382  98.0038    ZYGOORB_L
134.8857   -274.4054  113.022    DACR_L
134.2646   -260.0063  129.8147   SUPRANOT_L
131.3553   -250.3357  98.6194    ORBITALE_L
109.6355   -242.4663  122.2584   FMT_L
117.3134   -241.8682  117.0996   FMO_L
129.841    -253.5427  128.0442   MIDTORINF_L
130.1004   -253.5761  131.9767   MIDTORSUP_L
106.3637   -248.9102  123.5637   FSM_L
85.9945    -249.499   125.9012   ANTPTER_L
98.8321    -240.8859  95.7604    SUPZT_L
104.0457   -240.2352  98.0412    JUGALE_L
53.3524    -262.5581  85.5013    PORION_L
52.4435    -259.219   87.5633    AURICUL_L
56.012     -265.6355  74.0987    ECTOTYMSUP_L
56.4138    -265.9383  72.858     ECTOTYMINF_L
125.3587   -257.4992  73.4963    MALRT_L
125.146    -260.7051  61.5452    ZYGORT_L
73.867     -248.7233  149.1289   CORONALE_L
68.8317    -254.4849  164.8846   STEPHAN_L
112.0938   -244.4398  128.7023   FRONTOTEMP_L
29.8831    -264.0462  89.0951    PARNOT_L
15.7669    -273.7775  78.4395    ASTERION_L
9999       9999       9999       POSTTEMP_L
-16.7292   -339.0342  95.3252    O1
2.8712     -275.7736  95.6752    O2
85.8186    -371.0164  154.2007   O3
77.4093    -251.2786  109.8927   O4





















149.3465   -281.5096  131.0933   MSP1
149.1026   -281.5413  133.4085
148.0585   -281.7984  139.2624
147.3906   -282.503   145.2182
147.1309   -282.4355  150.7963
146.816    -282.9415  155.6333
145.8161   -282.489   161.1429
142.7918   -283.049   168.5162
137.5355   -285.2452  175.5503
129.786    -287.9011  181.4277
123.7871   -289.8235  185.3177
116.2542   -292.8236  188.6451
109.4922   -295.7303  191.1068
101.947    -298.2481  193.3402
94.1141    -299.7992  194.8738
90.217     -302.5728  195.6468
83.1669    -305.3428  196.3604
77.0761    -307.6536  196.864


















































































89.2142    -362.651   87.8226    MCPR
89.6202    -364.5405  91.563
89.3857    -367.5694  97.9717
89.631     -370.9584  106.1113
89.9275    -374.1818  114.9308
88.3946    -373.9721  124.7494
87.2777    -374.2612  132.8338
86.3577    -373.9244  144.0934
85.9538    -372.6757  150.594
84.0972    -370.6547  158.3237
82.5157    -365.374   169.5872
79.6328    -357.7308  178.1593
74.3671    -345.0963  186.1924
70.196     -335.0679  190.2747
65.1812    -326.9107  192.5381
61.1063    -319.8831  194.1638
61.3073    -311.5736  195.4127
62.0824    -305.4108  195.6365


















































































118.6302   -349.9598  129.8984   ACPR
118.109    -352.182   135.4611
115.8466   -351.77    146.5624
111.4415   -349.8697  163.6106
109.3399   -348.6538  168.2693
107.1114   -347.0762  172.1893
103.4469   -344.1638  177.7053
100.6847   -342.2924  180.9495
95.7637    -338.1017  185.4819
90.6607    -331.8984  189.7779
86.8724    -324.0594  193.1366
82.4149    -319.2216  194.8787
78.7136    -314.0135  195.8672
76.5135    -307.8515  196.3046






















































































9999       9999       9999       TLR
9999       9999       9999


































































































116.5394   -336.6332  92.6238    TPR
119.7466   -337.0296  96.9445
121.6755   -339.5301  102.6253
121.4832   -343.5787  108.8584
120.0961   -346.9413  114.9072
118.9922   -350.0971  120.9828
113.8975   -356.1053  127.4411
106.8153   -361.8954  130.2292
99.2555    -367.6936  128.0659
93.818     -371.1377  124.7839
89.7166    -373.3271  120.7794
85.5313    -374.4763  116.9828
79.2653    -375.5026  109.326
74.4479    -375.4009  102.4796
72.5602    -374.8191  96.5598
72.8001    -373.2836  92.4231




















































































52.6777    -259.4791  86.5598    MCPL
51.6723    -258.2682  88.6753
50.1699    -256.0482  94.4276
49.2326    -254.4978  98.7228
47.854     -252.3793  104.0986
46.2319    -249.6881  112.0501
46.0008    -248.7399  116.8548
45.6698    -249.6301  122.132
45.63      -249.8382  129.1158
46.0566    -250.6338  138.7259
44.4214    -252.9025  151.8643
43.6049    -255.7602  160.1354
45.0687    -261.5178  170.3586
44.6224    -265.7737  174.6586
46.1821    -272.8813  180.1221
47.54      -277.5734  183.0881
50.6511    -284.1596  187.0654
52.8257    -290.2092  189.8699
55.3777    -297.3119  192.8487
57.8408    -302.8348  195.0293
59.2798    -306.2996  195.756















































































80.9744    -249.1221  127.9437   ACPL
79.262     -248.4988  133.6809
76.3123    -248.2045  141.0047
73.5327    -249.0181  151.4199
71.7392    -250.68    156.3528
69.4492    -253.586   162.6923
69.984     -255.1645  166.2227
70.75      -258.8696  171.902
71.1181    -265.3756  178.4773
70.5167    -271.3807  183.6121
70.954     -277.884   189.0881
72.9357    -288.115   192.7975
73.8904    -295.2865  194.7064
75.7792    -302.734   195.9756
76.888     -306.9217  196.5816





















































































9999       9999       9999       TLL
9999       9999       9999


































































































88.1479    -261.8333  93.9767    TPL
88.1383    -258.5213  98.3426
86.9884    -255.5486  103.2361
84.5319    -253.0441  109.4893
80.443     -249.864   116.3412
76.4079    -248.7854  121.6184
73.2575    -248.0004  126.2904
65.347     -248.3785  130.0727
57.4977    -248.0096  127.0902
51.4299    -248.567   125.2885
46.5319    -249.7596  120.2202
40.0304    -251.9377  113.4933
36.6131    -254.9402  107.4041
33.6196    -258.478   101.1035
31.4232    -261.3387  94.4902
29.3028    -263.6724  88.1421




















































































76.6811    -307.3622  196.7976   MSP2
70.4465    -308.7307  196.2979
63.8884    -310.8941  195.8892
55.0447    -313.5377  195.3676
46.0413    -317.3303  194.2951
37.7061    -320.3194  192.1557
29.1407    -323.4942  188.6852
22.1688    -324.0686  185.1665
12.1561    -329.2902  178.5663
3.2988     -332.0638  169.8839
-1.9171    -334.6574  161.9745
-5.3492    -337.5626  153.1346
-8.449     -338.6283  140.6879
-10.7063   -340.0004  132.1305
-12.5039   -340.4021  126.5868
-13.4633   -340.3528  123.4424
-15.9032   -340.8513  116.268
-16.3301   -341.5818  106.8745
-16.8715   -340.6557  98.4571
-17.2541   -338.642   95.4976
















































































54.4343    -373.923   82.1932    LSR
46.5926    -376.0596  84.4631
36.4362    -376.9934  88.5814
26.335     -377.5959  95.2011
21.0773    -377.8319  99.9319
8.0756     -372.1536  103.661
-3.3629    -363.2506  105.3512
-8.3529    -357.5511  108.7281
-10.0285   -352.3999  117.1202
-12.6915   -345.4094  120.4036
-14.0153   -340.1318  123.0401

























































































15.7721    -274.0717  79.1185    LSL
7.7001     -278.013   82.5751
1.0347     -280.1467  89.821
-3.1567    -284.6051  91.7815
-8.408     -286.003   98.2727
-13.6434   -293.2641  100.2484
-15.9017   -299.9007  103.5894
-18.4331   -304.7835  105.7734
-19.61     -312.7337  107.978
-19.0857   -318.108   110.1689
-18.8802   -322.6806  113.3084
-18.244    -326.5142  114.511
-16.9822   -332.5389  116.4073
-15.1329   -336.5558  119.4601
-13.5757   -340.8409  123.0418





















































































77.2533    -308.1229  196.7875   OP1R
74.6949    -314.8307  195.856
73.2574    -318.0944  195.1168
72.7106    -321.7531  194.396
71.0641    -325.8906  193.3446
70.0344    -332.1126  191.7041
68.3785    -337.9155  189.8358
66.8159    -343.6782  187.655
64.35      -350.4105  184.7994
63.5274    -355.8511  182.3631
62.0051    -362.509   179.0675
61.073     -367.9675  175.6212
61.1927    -372.9301  171.6153
59.4056    -376.8643  167.5042
57.1266    -379.2293  162.9691
55.9658    -382.0761  156.0443
54.1866    -384.4667  146.0093
53.2271    -384.4528  136.9363
52.891     -383.7022  126.3444
52.8948    -382.9263  120.1756
53.9693    -381.6584  113.0751
52.8327    -379.6205  102.4471
52.0666    -378.1944  95.7825
52.7903    -377.6544  90.7128
52.7687    -376.1969  85.6907
52.6639    -373.1202  79.8484










































































119.4581   -348.551   128.5948   OB2R
116.7741   -351.2828  130.9534
113.5196   -354.9009  134.624
109.2107   -358.7927  138.7218
103.747    -362.4304  141.8825
99.0148    -365.3526  144.9592
93.4698    -367.9029  147.8427
88.4993    -369.8837  151.0279
81.7839    -372.4646  156.0556
75.7158    -375.0797  158.717
68.1597    -377.0121  162.2469
63.3126    -377.8409  163.9457
60.2196    -377.6957  165.2847
58.7399    -377.3652  166.4755
51.1101    -377.4884  166.6906
42.1776    -376.8254  166.664
30.4389    -372.8934  165.1826
21.8068    -370.1513  161.6574
14.4869    -366.1276  157.3721
8.6032     -362.107   153
3.1154     -358.06    147.5883
-1.1973    -353.7552  143.034
-4.6909    -350.5538  137.6938
-7.5816    -347.6411  133.6944
-10.2035   -344.3903  129.7508
-12.0088   -342.5406  126.2958
-13.1355   -340.5278  123.8646









































































76.159     -308.4226  196.6298   OP1L
70.4796    -306.1001  196.3766
62.9689    -302.8596  195.8097
55.0473    -299.3547  193.7424
47.6722    -295.4353  190.6931
42.848     -292.6347  188.3671
36.7366    -289.1613  185.5291
34.6179    -287.9152  184.3631
30.782     -285.9978  182.3955
26.6324    -284.1815  180.7338
21.4258    -281.0381  177.5724
18.4842    -279.0987  175.3772
16.1124    -277.5847  173.6227
10.9827    -273.9237  168.6056
9.637      -271.2925  165.3631
6.7914     -268.5117  159.9048
5.7102     -266.1805  155.2066
4.427      -264.5944  147.5575
4.9163     -263.6406  140.0637
5.2737     -263.4463  134.583
5.5462     -264.0328  128.3485
5.8656     -265.0682  122.6838
6.6028     -265.6382  118.8013
7.3988     -266.8044  112.743
8.471      -268.6105  104.6875
9.5711     -269.8781  99.1713
11.9773    -271.3581  87.3485
13.4026    -272.6101  81.4408
14.7669    -274.1507  78.1284







































































79.853     -248.6132  129.6391   OB2L
74.9214    -248.4378  133.2432
70.2644    -248.6096  137.0325
64.3528    -249.2184  141.3443
59.2192    -249.7618  145.9922
55.4894    -250.0947  148.6843
47.9869    -253.0616  155.0057
42.327     -255.4961  160.1872
36.4674    -258.8424  164.8847
29.6778    -263.4992  168.7899
25.0019    -267.0305  170.6548
23.9867    -267.8453  170.9195
20.7652    -270.1572  171.4147
16.8318    -273.7756  172.0336
12.2453    -277.7477  171.9415
7.6496     -283.936   171.5547
1.7544     -291.6357  169.2481
-4.481     -301.1296  164.1402
-9.6011    -311.146   155.9677
-12.0556   -316.9173  148.8822
-13.3469   -322.0229  142.0846
-14.032    -326.2138  135.3395
-14.5279   -332.3283  127.1755
-14.4806   -336.7941  123.2726
-13.7388   -339.1451  123.3468











































































27.8835    -325.021   181.4673   OPISTHION                   VENTRAL
63.9711    -309.9813  178.0887   BASION
84.4739    -303.5724  164.399    HORMION
105.6651   -296.7614  182.8861   STAPHYL
114.9624   -292.984   184.0365   MIDANTPAL
140.131    -282.6878  193.9129   INCISIV
84.2013    -242.0939  171.7188   INFZT_R
9999       9999       9999       POSTOCC_R
9999       9999       9999       ANTOCC_R
32.8887    -277.4597  193.2435   MAST_R
32.678     -284.8985  179.8896   OCCMAST_R
41.37      -270.474   177.9796   TYMPMAST_R
123.0983   -350.9718  169.8403   INFZT_L
57.7357    -333.9924  179.633    POSTOCC_L
9999       9999       9999       ANTOCC_L
69.3898    -357.4145  188.6109   MAST_L
62.7008    -350.3602  181.2116   OCCMAST_L
75.2332    -356.1612  177.0299   TYMPMAST_L
60.7302    -283.7969  171.9257   MEDPETRO_R
43.233     -272.2126  178.8434   LATPETRO_R
42.696     -277.258   174.3921   STYLO_R
57.9629    -294.8661  166.366    ANTJUG_R
49.1392    -286.4449  177.9569   POSTJUG_R
78.3011    -334.4242  174.4599   MEDPETRO_L
74.6655    -353.7975  177.9611   LATPETRO_L
70.6598    -348.8316  173.4656   STYLO_L
71.1914    -326.6268  165.9489   ANTJUG_L
70.4449    -337.3082  174.997    POSTJUG_L
51.278     -264.1386  165.7453   POSTGLEN_R
65.267     -272.9631  168.1861   INFENTO_R
55.7565    -255.7373  163.5025   LATARTIC_R
60.0738    -264.4281  159.0617   CNTMAND_R
61.7581    -276.1932  163.9005   MEDSQUAM_R
51.4541    -265.8462  164.4291   LATSQUAM_R
86.2989    -354.5814  163.4391   POSTGLEN_L
90.6816    -336.2821  166.405    INFENTO_L
94.5074    -357.1874  162.104    LATARTIC_L
90.9032    -346.8264  158.3896   CNTMAND_L
85.036     -338.5054  162.5402   MEDSQUAM_L
84.2662    -352.8667  162.3526   LATSQUAM_L
68.2839    -278.0758  169.4119   FORSPIN_R
78.7222    -291.3033  164.8097   PETPYR_R
93.8545    -278.7573  188.3396   SPHPAL_R
79.4372    -262.7243  162.103    TEMPSPHEN_R
88.0972    -331.4879  166.0576   FORSPIN_L
87.4325    -316.9309  164.744    PETPYR_L
107.6432   -315.6131  188.4658   SPHPAL_L
109.3378   -336.2273  158.2172   TEMPSPHEN_L
142.6925   -274.7309  204.0393   LATPR_R
132.4245   -274.9612  202.1632   LINGCAN_R
130.2469   -267.7647  201.9304   CP3_R
124.9332   -267.1143  201.1371   P3P4_R
118.6345   -265.6695  200.1274   P4M1_R
108.7515   -266.519   197.5502   M1M2_R
101.8529   -268.0509  193.5489   M2M3_R
97.0921    -271.0105  191.0468   DISTM3_R
94.0662    -276.6815  192.4501   MAXTUBER_R
148.2984   -288.7518  203.176    LATPR_L
140.2206   -295.6919  203.1082   LINGCAN_L
143.9848   -301.5221  201.6238   CP3_L
139.7127   -306.7042  200.5845   P3P4_L
135.8894   -311.4393  199.5749   P4M1_L
128.998    -317.1604  196.6357   M1M2_L
121.0015   -320.1599  193.1272   M2M3_L
9999       9999       9999       DISTM3_L
108.0119   -317.7052  190.0815   MAXTUBER_L
-19.0977   -347.0774  133.7689   O1
36.9012    -381.4632  140.2074   O2
45.9988    -250.1754  92.4518    O3
110.3476   -349.8553  140.8266   O4






























-19.1659   -347.3559  134.3479   MSP3
-19.3567   -347.0449  139.3321
-18.175    -346.6503  145.4575
-17.0228   -345.8428  151.5081
-14.8463   -344.6863  157.0793
-13.2304   -343.4942  161.0796
-11.0115   -342.7189  165.2717
-8.1514    -341.2822  169.4914
-4.4563    -339.3038  172.5193
-1.6939    -338.3049  173.7087
2.5332     -336.8716  175.904
6.1315     -335.1976  177.0895
11.2586    -333.2203  179.299
15.8745    -330.7566  180.9272
20.2473    -328.2592  181.9335
23.7442    -326.2018  182.5553
26.0821    -324.8616  182.5062
28.069     -324.4658  181.6211


















































































108.2962   -240.4047  138.2569   SPR
112.5518   -239.4398  137.444
119.8118   -242.7388  134.5763
125.837    -247.1486  132.8014
130.1804   -252.5317  131.1053
133.8392   -256.2087  130.0533
137.2377   -259.8604  128.2977
140.3272   -264.0609  127.8455
143.5381   -269.1208  128.2006
145.6683   -274.0682  131.0285
146.5792   -276.5142  133.4197
146.9034   -279.9793  134.9304
























































































142.8384   -335.2223  135.5504   SPL
147.0024   -330.3002  132.8741
148.0085   -325.4875  130.4533
150.2075   -320.6142  131.0779
150.9176   -316.4064  130.2866
151.3286   -311.628   129.12
151.788    -305.4775  127.1747
151.9744   -299.2272  127.3079
151.5468   -295.4378  128.0101
151.3205   -293.1536  128.1669
150.3783   -288.3081  130.1155
149.054    -283.9609  131.3667
147.938    -280.9877  132.2493
147.4248   -279.2642  132.7385






















































































28.1394    -324.7711  180.9996   FMR
27.4274    -321.0653  181.4138
29.1418    -315.554   180.2294
31.7735    -310.2259  178.8256
34.5441    -306.6447  179.4249
40.7241    -304.029   179.2502
45.1294    -302.7885  178.766
50.2249    -302.8067  178.8128
54.2617    -303.3737  177.4458
58.6623    -304.4406  177.4869
61.1827    -306.197   177.6923
63.6777    -310.1511  178.0779
























































































27.6517    -324.6718  181.2909   FML
30.339     -327.5643  181.6736
33.6435    -330.0253  181.8787
38.1058    -331.4241  181.0389
42.6788    -332.0649  179.7613
47.8219    -331.9917  179.3965
54.8479    -328.6924  180.2538
59.8208    -323.546   179.0048
62.2812    -319.8009  178.9493
64.4029    -314.0404  178.1788
64.2926    -311.2848  178.4084

















































































































































































































































































































































































































































































































































































































































































































































































































































































































































































































































































































































































































































































































































































































































































































































































































































































































































































































































































































































































































































































































































































































































































































































































































































































































































































































































































































































































































































































































































































































































































































































































































































































































































































































































































































































































































































































































































































































































































































































































































































































































































































































































































































































































































































































































































































































































































































































































































































































































































































































































































































































































































































































































































































































































































































































































































































































































































































































































































































































































































































































































































































































































































































































































































































































































































































































































































































































































































































































































































































































































































































































































































































